# Force         
# CofR          : (0.00000000e+00 0.00000000e+00 0.00000000e+00)
#
# Time          	total_x total_y total_z	pressure_x pressure_y pressure_z	viscous_x viscous_y viscous_z
5                -1.11763173e+03 1.42442702e+01 -4.43985625e+00 -1.11611067e+03 1.42466560e+01 -4.43588805e+00 -1.52105624e+00 -2.38581778e-03 -3.96820107e-03
10               6.62252180e+01 1.83113137e+00 2.96622499e+00 6.82625270e+01 1.82306015e+00 2.96866098e+00 -2.03730907e+00 8.07121514e-03 -2.43598893e-03
15               3.29359492e+02 -2.98274287e+00 1.22466837e+00 3.31678889e+02 -2.98260185e+00 1.21485890e+00 -2.31939624e+00 -1.41027624e-04 9.80947236e-03
20               2.68316299e+02 -1.33861565e+00 8.59065353e-01 2.70781418e+02 -1.34234450e+00 8.34834329e-01 -2.46511876e+00 3.72884781e-03 2.42310244e-02
25               2.37117182e+02 3.52631375e-01 1.51860846e+00 2.39705068e+02 3.40688417e-01 1.49467773e+00 -2.58788611e+00 1.19429584e-02 2.39307257e-02
30               2.41630205e+02 3.70598901e-01 1.19744965e+00 2.44305527e+02 3.55272167e-01 1.17746128e+00 -2.67532231e+00 1.53267336e-02 1.99883695e-02
35               2.47034378e+02 1.04038603e-01 1.50652935e+00 2.49786720e+02 8.54540093e-02 1.49073757e+00 -2.75234224e+00 1.85845939e-02 1.57917854e-02
40               2.50111347e+02 4.87408601e-01 1.93048741e+00 2.52940891e+02 4.63917641e-01 1.91662177e+00 -2.82954373e+00 2.34909597e-02 1.38656466e-02
45               2.52008021e+02 6.80939722e-01 1.91807347e+00 2.54912600e+02 6.54714765e-01 1.90431771e+00 -2.90457959e+00 2.62249576e-02 1.37557682e-02
50               2.51545917e+02 6.45715842e-01 1.60511695e+00 2.54514690e+02 6.20277823e-01 1.59230147e+00 -2.96877229e+00 2.54380190e-02 1.28154728e-02
55               2.49443650e+02 3.94793638e-01 1.52406265e+00 2.52463155e+02 3.70992813e-01 1.51402211e+00 -3.01950478e+00 2.38008244e-02 1.00405352e-02
60               2.47607734e+02 1.71357854e-01 1.62181344e+00 2.50667128e+02 1.48763192e-01 1.61491006e+00 -3.05939477e+00 2.25946619e-02 6.90337172e-03
65               2.46458009e+02 -2.25924125e-01 1.71734124e+00 2.49554101e+02 -2.46004471e-01 1.71219420e+00 -3.09609224e+00 2.00803456e-02 5.14704181e-03
70               2.45223797e+02 -3.02122143e-01 1.45342203e+00 2.48356034e+02 -3.18243721e-01 1.44789100e+00 -3.13223706e+00 1.61215782e-02 5.53103092e-03
75               2.44807297e+02 -1.75591357e-01 1.42390656e+00 2.47974484e+02 -1.86852053e-01 1.41817513e+00 -3.16718674e+00 1.12606962e-02 5.73143732e-03
80               2.44865821e+02 2.86629705e-03 1.80478169e+00 2.48067013e+02 -5.11970461e-03 1.79864854e+00 -3.20119225e+00 7.98600166e-03 6.13314200e-03
85               2.44272994e+02 -1.30001127e-01 2.10305644e+00 2.47507468e+02 -1.36046276e-01 2.09621788e+00 -3.23447363e+00 6.04514879e-03 6.83855782e-03
90               2.43991678e+02 -1.02780262e-01 2.24346382e+00 2.47257003e+02 -1.07632443e-01 2.23568668e+00 -3.26532512e+00 4.85218083e-03 7.77713421e-03
95               2.43829326e+02 1.64483920e-02 2.24705755e+00 2.47122549e+02 1.22509865e-02 2.23869124e+00 -3.29322227e+00 4.19740545e-03 8.36631583e-03
100              2.43690121e+02 -2.36628711e-02 2.28999083e+00 2.47009858e+02 -2.79148759e-02 2.28141925e+00 -3.31973735e+00 4.25200479e-03 8.57158201e-03
105              2.43423588e+02 -1.66513508e-01 2.36025646e+00 2.46768336e+02 -1.71703850e-01 2.35142571e+00 -3.34474810e+00 5.19034188e-03 8.83074739e-03
110              2.43169997e+02 -1.65197282e-01 2.49215802e+00 2.46536915e+02 -1.70886003e-01 2.48271682e+00 -3.36691789e+00 5.68872096e-03 9.44120550e-03
115              2.42899867e+02 -1.53316999e-01 2.60129915e+00 2.46286722e+02 -1.58930860e-01 2.59118163e+00 -3.38685486e+00 5.61386125e-03 1.01175166e-02
120              2.42502653e+02 -1.94145116e-01 2.66181029e+00 2.45909163e+02 -1.99157142e-01 2.65061022e+00 -3.40650943e+00 5.01202625e-03 1.12000689e-02
125              2.42147478e+02 -2.49648618e-01 2.68007673e+00 2.45573122e+02 -2.54516845e-01 2.66700022e+00 -3.42564355e+00 4.86822675e-03 1.30765058e-02
130              2.41952043e+02 -2.82691109e-01 2.65166229e+00 2.45396450e+02 -2.88047050e-01 2.63671489e+00 -3.44440768e+00 5.35594100e-03 1.49474031e-02
135              2.41835150e+02 -2.60952856e-01 2.66311608e+00 2.45299418e+02 -2.66900133e-01 2.64709198e+00 -3.46426851e+00 5.94727735e-03 1.60241038e-02
140              2.41737903e+02 -2.55903864e-01 2.75971637e+00 2.45222656e+02 -2.62356029e-01 2.74316833e+00 -3.48475298e+00 6.45216406e-03 1.65480419e-02
145              2.41663788e+02 -2.83617621e-01 2.89650603e+00 2.45168327e+02 -2.90379411e-01 2.87942434e+00 -3.50453890e+00 6.76178959e-03 1.70816933e-02
150              2.41543377e+02 -3.64252681e-01 2.98994305e+00 2.45066030e+02 -3.71296192e-01 2.97257991e+00 -3.52265230e+00 7.04351068e-03 1.73631446e-02
155              2.41376272e+02 -5.00168383e-01 3.00671379e+00 2.44915466e+02 -5.07424642e-01 2.98887938e+00 -3.53919388e+00 7.25625961e-03 1.78344060e-02
160              2.41222090e+02 -6.42013516e-01 2.95417611e+00 2.44777056e+02 -6.49274825e-01 2.93600863e+00 -3.55496610e+00 7.26130837e-03 1.81674799e-02
165              2.41079945e+02 -7.61337797e-01 2.88628958e+00 2.44651140e+02 -7.67951378e-01 2.86797520e+00 -3.57119453e+00 6.61358033e-03 1.83143834e-02
170              2.40893515e+02 -9.01391814e-01 2.83896501e+00 2.44482398e+02 -9.06469046e-01 2.82102826e+00 -3.58888345e+00 5.07723212e-03 1.79367488e-02
175              2.40634866e+02 -1.08197021e+00 2.81997050e+00 2.44242494e+02 -1.08486116e+00 2.80210264e+00 -3.60762795e+00 2.89094835e-03 1.78678682e-02
180              2.40337683e+02 -1.24868894e+00 2.81055278e+00 2.43963723e+02 -1.24933702e+00 2.79293514e+00 -3.62603987e+00 6.48080504e-04 1.76176478e-02
185              2.40041875e+02 -1.34981242e+00 2.77342546e+00 2.43684686e+02 -1.34827196e+00 2.75582904e+00 -3.64281138e+00 -1.54046699e-03 1.75964210e-02
190              2.39769517e+02 -1.36729567e+00 2.66217669e+00 2.43427317e+02 -1.36327767e+00 2.64493201e+00 -3.65780050e+00 -4.01799702e-03 1.72446804e-02
195              2.39522626e+02 -1.32891762e+00 2.45136081e+00 2.43194322e+02 -1.32311074e+00 2.43456162e+00 -3.67169621e+00 -5.80688489e-03 1.67991907e-02
200              2.39302165e+02 -1.24816447e+00 2.19973847e+00 2.42987977e+02 -1.24096492e+00 2.18407912e+00 -3.68581233e+00 -7.19954665e-03 1.56593521e-02
205              2.39105871e+02 -1.12429516e+00 1.94952074e+00 2.42806341e+02 -1.11697234e+00 1.93578116e+00 -3.70047026e+00 -7.32281759e-03 1.37395775e-02
210              2.38918198e+02 -9.45242423e-01 1.76639886e+00 2.42634070e+02 -9.37925024e-01 1.75523738e+00 -3.71587137e+00 -7.31739892e-03 1.11614859e-02
215              2.38739633e+02 -7.05386266e-01 1.66212758e+00 2.42471105e+02 -6.98509756e-01 1.65409180e+00 -3.73147169e+00 -6.87650991e-03 8.03578178e-03
220              2.38572589e+02 -4.10218763e-01 1.59742573e+00 2.42319521e+02 -4.03548030e-01 1.59244828e+00 -3.74693204e+00 -6.67073237e-03 4.97745287e-03
225              2.38398794e+02 -9.10817984e-02 1.52192650e+00 2.42161486e+02 -8.51995585e-02 1.51951667e+00 -3.76269153e+00 -5.88223990e-03 2.40982991e-03
230              2.38198141e+02 1.69519848e-01 1.45255865e+00 2.41976863e+02 1.74362214e-01 1.45243175e+00 -3.77872194e+00 -4.84236625e-03 1.26900005e-04
235              2.37943135e+02 3.25897978e-01 1.44331526e+00 2.41738529e+02 3.29230396e-01 1.44468592e+00 -3.79539422e+00 -3.33241795e-03 -1.37066263e-03
240              2.37647701e+02 4.03775373e-01 1.49404437e+00 2.41459543e+02 4.05883209e-01 1.49668492e+00 -3.81184175e+00 -2.10783600e-03 -2.64055326e-03
245              2.37344171e+02 5.01473379e-01 1.59499790e+00 2.41171631e+02 5.02011051e-01 1.59805683e+00 -3.82745988e+00 -5.37671608e-04 -3.05893291e-03
250              2.36972857e+02 5.68763867e-01 1.76058650e+00 2.40815203e+02 5.67268080e-01 1.76392277e+00 -3.84234588e+00 1.49578678e-03 -3.33627219e-03
255              2.36490309e+02 5.75994747e-01 2.01802828e+00 2.40346115e+02 5.71889511e-01 2.02012457e+00 -3.85580610e+00 4.10523544e-03 -2.09628933e-03
260              2.36015535e+02 6.14384213e-01 2.30625718e+00 2.39882840e+02 6.08071506e-01 2.30618309e+00 -3.86730566e+00 6.31270713e-03 7.40904937e-05
265              2.35570384e+02 6.21662632e-01 2.53995046e+00 2.39446914e+02 6.14300868e-01 2.53704880e+00 -3.87652960e+00 7.36176350e-03 2.90165400e-03
270              2.35178852e+02 6.32400915e-01 2.66823021e+00 2.39063104e+02 6.25365530e-01 2.66206788e+00 -3.88425266e+00 7.03538504e-03 6.16233282e-03
275              2.34879504e+02 5.68284590e-01 2.70861055e+00 2.38770007e+02 5.62772010e-01 2.70015580e+00 -3.89050318e+00 5.51258027e-03 8.45475349e-03
280              2.34651921e+02 4.31540400e-01 2.72307674e+00 2.38547708e+02 4.27348846e-01 2.71295682e+00 -3.89578723e+00 4.19155363e-03 1.01199206e-02
285              2.34470596e+02 3.15390543e-01 2.70632679e+00 2.38370444e+02 3.12541068e-01 2.69554105e+00 -3.89984730e+00 2.84947480e-03 1.07857360e-02
290              2.34327064e+02 1.96438023e-01 2.60604922e+00 2.38230366e+02 1.94503501e-01 2.59525904e+00 -3.90330262e+00 1.93452205e-03 1.07901807e-02
295              2.34196771e+02 7.91281597e-02 2.48805933e+00 2.38102679e+02 7.75995531e-02 2.47816771e+00 -3.90590789e+00 1.52860666e-03 9.89162179e-03
300              2.34094812e+02 3.04482573e-02 2.37997852e+00 2.38003077e+02 2.93069294e-02 2.37070558e+00 -3.90826502e+00 1.14132794e-03 9.27294730e-03
305              2.34037456e+02 4.52810412e-02 2.25514799e+00 2.37947630e+02 4.38045545e-02 2.24667273e+00 -3.91017303e+00 1.47648670e-03 8.47525968e-03
310              2.33989462e+02 8.27431242e-02 2.14947746e+00 2.37901508e+02 8.12122704e-02 2.14154955e+00 -3.91204639e+00 1.53085372e-03 7.92790456e-03
315              2.33960304e+02 1.46344535e-01 2.09424263e+00 2.37873959e+02 1.44812366e-01 2.08670099e+00 -3.91365534e+00 1.53216844e-03 7.54164019e-03
320              2.33937404e+02 1.95874828e-01 2.07182229e+00 2.37852337e+02 1.94239825e-01 2.06426284e+00 -3.91493298e+00 1.63500338e-03 7.55944922e-03
325              2.33899150e+02 2.25976665e-01 2.09859615e+00 2.37815006e+02 2.24138307e-01 2.09104949e+00 -3.91585689e+00 1.83835802e-03 7.54665526e-03
330              2.33865943e+02 2.63974924e-01 2.14611891e+00 2.37782467e+02 2.61973415e-01 2.13802993e+00 -3.91652479e+00 2.00150894e-03 8.08897803e-03
335              2.33839997e+02 2.97737551e-01 2.18297756e+00 2.37757116e+02 2.95507976e-01 2.17463944e+00 -3.91711877e+00 2.22957434e-03 8.33811743e-03
340              2.33819362e+02 3.14136353e-01 2.20987883e+00 2.37737136e+02 3.11295811e-01 2.20126278e+00 -3.91777368e+00 2.84054173e-03 8.61605204e-03
345              2.33810879e+02 3.12375875e-01 2.24495999e+00 2.37729378e+02 3.09084245e-01 2.23652979e+00 -3.91849859e+00 3.29162928e-03 8.43019847e-03
350              2.33804026e+02 3.02157162e-01 2.27545169e+00 2.37723169e+02 2.98561096e-01 2.26677071e+00 -3.91914304e+00 3.59606546e-03 8.68097911e-03
355              2.33790955e+02 2.71575116e-01 2.29482302e+00 2.37710585e+02 2.67940884e-01 2.28629078e+00 -3.91963080e+00 3.63423169e-03 8.53223589e-03
