# Moment        
# CofR          : (0.00000000e+00 0.00000000e+00 0.00000000e+00)
#
# Time          	total_x total_y total_z	pressure_x pressure_y pressure_z	viscous_x viscous_y viscous_z
5                7.85388661e+01 1.10497585e+00 -5.15168743e-01 7.86941290e+01 1.10489112e+00 -5.15137145e-01 -1.55262861e-01 8.47226869e-05 -3.15979788e-05
10               1.89828452e+00 2.02138610e-01 7.80450621e-02 2.09497360e+00 2.03147005e-01 7.81535948e-02 -1.96689074e-01 -1.00839543e-03 -1.08532741e-04
15               -1.83979990e+01 -1.12559362e-01 7.31454061e-04 -1.81479682e+01 -1.11116760e-01 1.78153445e-03 -2.50030794e-01 -1.44260162e-03 -1.05008039e-03
20               -1.57474254e+01 -7.43681931e-02 5.52161824e-03 -1.54730880e+01 -7.28566979e-02 6.92784740e-03 -2.74337419e-01 -1.51149517e-03 -1.40622917e-03
25               -1.36399935e+01 4.18255953e-02 3.42822096e-02 -1.33561859e+01 4.36406514e-02 3.55573194e-02 -2.83807592e-01 -1.81505606e-03 -1.27510979e-03
30               -1.37250307e+01 7.12647275e-02 5.56548422e-02 -1.34338718e+01 7.30671956e-02 5.69358950e-02 -2.91158977e-01 -1.80246804e-03 -1.28105280e-03
35               -1.40203284e+01 6.19889909e-02 9.58454907e-02 -1.37210237e+01 6.39294595e-02 9.72958865e-02 -2.99304673e-01 -1.94046865e-03 -1.45039571e-03
40               -1.42003704e+01 4.84128645e-02 1.24636912e-01 -1.38915845e+01 5.07941184e-02 1.26385982e-01 -3.08785882e-01 -2.38125392e-03 -1.74907060e-03
45               -1.43108030e+01 8.51063302e-02 1.82876590e-01 -1.39918378e+01 8.78286056e-02 1.84913826e-01 -3.18965228e-01 -2.72227547e-03 -2.03723625e-03
50               -1.42951735e+01 6.56215777e-02 1.75534454e-01 -1.39666726e+01 6.84891538e-02 1.77516171e-01 -3.28500915e-01 -2.86757613e-03 -1.98171708e-03
55               -1.41956867e+01 5.78727350e-02 1.81071427e-01 -1.38592670e+01 6.06816363e-02 1.82773373e-01 -3.36419713e-01 -2.80890129e-03 -1.70194643e-03
60               -1.41175351e+01 6.34397227e-02 1.66156375e-01 -1.37749820e+01 6.60544047e-02 1.67480768e-01 -3.42553183e-01 -2.61468195e-03 -1.32439285e-03
65               -1.40830777e+01 8.46157846e-02 1.81382280e-01 -1.37359219e+01 8.68325645e-02 1.82459692e-01 -3.47155726e-01 -2.21677994e-03 -1.07741212e-03
70               -1.40840871e+01 8.63357619e-02 1.73940328e-01 -1.37336670e+01 8.80794250e-02 1.75040330e-01 -3.50420106e-01 -1.74366307e-03 -1.10000204e-03
75               -1.41118620e+01 1.08505766e-01 2.19331989e-01 -1.37592798e+01 1.09942706e-01 2.20399928e-01 -3.52582136e-01 -1.43693927e-03 -1.06793870e-03
80               -1.41430238e+01 1.42954962e-01 2.06259738e-01 -1.37889723e+01 1.44096879e-01 2.07346653e-01 -3.54051488e-01 -1.14191708e-03 -1.08691480e-03
85               -1.41558729e+01 1.56454832e-01 2.18768468e-01 -1.38007500e+01 1.57354349e-01 2.19923213e-01 -3.55122908e-01 -8.99516603e-04 -1.15474476e-03
90               -1.41596788e+01 1.91180450e-01 2.16538532e-01 -1.38036098e+01 1.91801339e-01 2.17742104e-01 -3.56068958e-01 -6.20888568e-04 -1.20357207e-03
95               -1.41624851e+01 2.05386541e-01 2.20827496e-01 -1.38055250e+01 2.05820382e-01 2.22091231e-01 -3.56960011e-01 -4.33840721e-04 -1.26373554e-03
100              -1.41586203e+01 2.13494590e-01 2.39121352e-01 -1.38008441e+01 2.13889200e-01 2.40398479e-01 -3.57776137e-01 -3.94609567e-04 -1.27712669e-03
105              -1.41492452e+01 2.21118499e-01 2.64501605e-01 -1.37907187e+01 2.21538978e-01 2.65733971e-01 -3.58526514e-01 -4.20478388e-04 -1.23236649e-03
110              -1.41496845e+01 2.40976003e-01 2.79817289e-01 -1.37905287e+01 2.41342096e-01 2.81028390e-01 -3.59155820e-01 -3.66092822e-04 -1.21110101e-03
115              -1.41560008e+01 2.64836311e-01 2.82303651e-01 -1.37963436e+01 2.65026033e-01 2.83566104e-01 -3.59657232e-01 -1.89722444e-04 -1.26245251e-03
120              -1.41543716e+01 2.80636248e-01 2.80211023e-01 -1.37943618e+01 2.80541462e-01 2.81566574e-01 -3.60009830e-01 9.47862433e-05 -1.35555137e-03
125              -1.41525147e+01 2.84110497e-01 2.83651431e-01 -1.37922936e+01 2.83682398e-01 2.85125225e-01 -3.60221075e-01 4.28098172e-04 -1.47379386e-03
130              -1.41571130e+01 2.82292007e-01 2.95967599e-01 -1.37967628e+01 2.81579205e-01 2.97558637e-01 -3.60350109e-01 7.12802145e-04 -1.59103786e-03
135              -1.41625697e+01 2.86631079e-01 3.13839905e-01 -1.38021160e+01 2.85731365e-01 3.15469645e-01 -3.60453654e-01 8.99713532e-04 -1.62974058e-03
140              -1.41666955e+01 3.03680094e-01 3.35180710e-01 -1.38061716e+01 3.02633745e-01 3.36744864e-01 -3.60523953e-01 1.04634939e-03 -1.56415395e-03
145              -1.41724912e+01 3.29076316e-01 3.56494203e-01 -1.38119573e+01 3.27813984e-01 3.57918265e-01 -3.60533892e-01 1.26233157e-03 -1.42406223e-03
150              -1.41769701e+01 3.47073626e-01 3.71986518e-01 -1.38164580e+01 3.45508031e-01 3.73246053e-01 -3.60512149e-01 1.56559544e-03 -1.25953466e-03
155              -1.41794399e+01 3.49831210e-01 3.85961370e-01 -1.38189550e+01 3.47933672e-01 3.87072952e-01 -3.60484953e-01 1.89753872e-03 -1.11158262e-03
160              -1.41831710e+01 3.38979406e-01 4.07918291e-01 -1.38227197e+01 3.36815545e-01 4.08906706e-01 -3.60451318e-01 2.16386147e-03 -9.88415312e-04
165              -1.41882449e+01 3.22745405e-01 4.42095732e-01 -1.38278419e+01 3.20411988e-01 4.42907813e-01 -3.60403010e-01 2.33341731e-03 -8.12080571e-04
170              -1.41916531e+01 3.05935050e-01 4.91855152e-01 -1.38313081e+01 3.03503062e-01 4.92386681e-01 -3.60345013e-01 2.43198752e-03 -5.31528460e-04
175              -1.41918528e+01 2.90228929e-01 5.50475798e-01 -1.38315700e+01 2.87747670e-01 5.50556136e-01 -3.60282857e-01 2.48125837e-03 -8.03385588e-05
180              -1.41902750e+01 2.75536138e-01 6.02584639e-01 -1.38300424e+01 2.73056849e-01 6.02055806e-01 -3.60232565e-01 2.47928979e-03 5.28833441e-04
185              -1.41880750e+01 2.52531272e-01 6.36578270e-01 -1.38279129e+01 2.50101176e-01 6.35369454e-01 -3.60162029e-01 2.43009594e-03 1.20881603e-03
190              -1.41866385e+01 2.12712245e-01 6.42995258e-01 -1.38265639e+01 2.10443709e-01 6.41123633e-01 -3.60074505e-01 2.26853599e-03 1.87162474e-03
195              -1.41863979e+01 1.47996966e-01 6.30816826e-01 -1.38264253e+01 1.46071613e-01 6.28401435e-01 -3.59972651e-01 1.92535238e-03 2.41539090e-03
200              -1.41868980e+01 6.91972653e-02 6.02933384e-01 -1.38270210e+01 6.78490612e-02 6.00140056e-01 -3.59877087e-01 1.34820411e-03 2.79332829e-03
205              -1.41882383e+01 -8.46407583e-03 5.67075688e-01 -1.38284467e+01 -9.06513659e-03 5.64083972e-01 -3.59791589e-01 6.01060760e-04 2.99171645e-03
210              -1.41896504e+01 -6.91218766e-02 5.23327143e-01 -1.38299454e+01 -6.89010078e-02 5.20220648e-01 -3.59704997e-01 -2.20868808e-04 3.10649517e-03
215              -1.41907551e+01 -1.08663795e-01 4.62904153e-01 -1.38311343e+01 -1.07610778e-01 4.59760147e-01 -3.59620785e-01 -1.05301696e-03 3.14400616e-03
220              -1.41911060e+01 -1.35575535e-01 3.80793169e-01 -1.38315876e+01 -1.33747412e-01 3.77713634e-01 -3.59518441e-01 -1.82812284e-03 3.07953509e-03
225              -1.41910082e+01 -1.62238534e-01 2.88236156e-01 -1.38315930e+01 -1.59716400e-01 2.85406932e-01 -3.59415147e-01 -2.52213455e-03 2.82922434e-03
230              -1.41907874e+01 -1.83160551e-01 2.11176548e-01 -1.38314791e+01 -1.79988040e-01 2.08762583e-01 -3.59308302e-01 -3.17251116e-03 2.41396472e-03
235              -1.41905249e+01 -1.83975117e-01 1.65906801e-01 -1.38313177e+01 -1.80306371e-01 1.63991948e-01 -3.59207218e-01 -3.66874609e-03 1.91485262e-03
240              -1.41902948e+01 -1.65609544e-01 1.42006851e-01 -1.38311907e+01 -1.61609154e-01 1.40587558e-01 -3.59104108e-01 -4.00038921e-03 1.41929300e-03
245              -1.41900758e+01 -1.34667275e-01 1.09949255e-01 -1.38310705e+01 -1.30438397e-01 1.09097121e-01 -3.59005321e-01 -4.22887745e-03 8.52133938e-04
250              -1.41898306e+01 -8.68219826e-02 8.51656397e-02 -1.38309143e+01 -8.24723886e-02 8.51189233e-02 -3.58916353e-01 -4.34959399e-03 4.67163721e-05
255              -1.41893304e+01 -7.52113574e-03 8.00465797e-02 -1.38304916e+01 -3.42959221e-03 8.09543694e-02 -3.58838838e-01 -4.09154354e-03 -9.07789693e-04
260              -1.41887884e+01 8.32965881e-02 6.44479585e-02 -1.38300104e+01 8.68038203e-02 6.62026570e-02 -3.58777997e-01 -3.50723217e-03 -1.75469849e-03
265              -1.41884956e+01 1.61232665e-01 6.39355558e-02 -1.38297720e+01 1.63969677e-01 6.61015521e-02 -3.58723576e-01 -2.73701142e-03 -2.16599628e-03
270              -1.41883045e+01 2.06412770e-01 6.68130807e-02 -1.38296233e+01 2.08226497e-01 6.88445837e-02 -3.58681284e-01 -1.81372693e-03 -2.03150300e-03
275              -1.41886670e+01 2.25290822e-01 9.42823650e-02 -1.38300315e+01 2.26361272e-01 9.58307465e-02 -3.58635440e-01 -1.07045005e-03 -1.54838142e-03
280              -1.41891105e+01 2.32928762e-01 1.44433845e-01 -1.38305228e+01 2.33525552e-01 1.45512248e-01 -3.58587667e-01 -5.96789917e-04 -1.07840263e-03
285              -1.41891868e+01 2.29350690e-01 1.83753856e-01 -1.38306272e+01 2.29712069e-01 1.84368291e-01 -3.58559608e-01 -3.61378798e-04 -6.14435662e-04
290              -1.41888365e+01 2.00149042e-01 2.19267794e-01 -1.38303024e+01 2.00569406e-01 2.19587513e-01 -3.58534158e-01 -4.20364507e-04 -3.19719126e-04
295              -1.41884087e+01 1.66240128e-01 2.51019363e-01 -1.38298875e+01 1.66985929e-01 2.51142871e-01 -3.58521165e-01 -7.45800800e-04 -1.23508043e-04
300              -1.41881739e+01 1.34678233e-01 2.62345839e-01 -1.38296703e+01 1.35698824e-01 2.62339244e-01 -3.58503589e-01 -1.02059118e-03 6.59525910e-06
305              -1.41883364e+01 9.60633424e-02 2.56199708e-01 -1.38298422e+01 9.73128219e-02 2.56293724e-01 -3.58494197e-01 -1.24947946e-03 -9.40154361e-05
310              -1.41888650e+01 5.96870124e-02 2.44264476e-01 -1.38303868e+01 6.11390177e-02 2.44439851e-01 -3.58478210e-01 -1.45200531e-03 -1.75374420e-04
315              -1.41892535e+01 3.73572511e-02 2.23648621e-01 -1.38307929e+01 3.88815353e-02 2.23877874e-01 -3.58460625e-01 -1.52428419e-03 -2.29253286e-04
320              -1.41892545e+01 2.73344365e-02 2.03273977e-01 -1.38308100e+01 2.88526608e-02 2.03622251e-01 -3.58444517e-01 -1.51822435e-03 -3.48274301e-04
325              -1.41886235e+01 3.68938432e-02 1.84527676e-01 -1.38301880e+01 3.84039085e-02 1.84963618e-01 -3.58435494e-01 -1.51006532e-03 -4.35942623e-04
330              -1.41880669e+01 5.68544871e-02 1.64595445e-01 -1.38296382e+01 5.83159141e-02 1.65052978e-01 -3.58428750e-01 -1.46142700e-03 -4.57533190e-04
335              -1.41879082e+01 7.37161912e-02 1.50902730e-01 -1.38294810e+01 7.51180779e-02 1.51378415e-01 -3.58427242e-01 -1.40188671e-03 -4.75685400e-04
340              -1.41882467e+01 8.56588160e-02 1.50044409e-01 -1.38298128e+01 8.70412713e-02 1.50611185e-01 -3.58433931e-01 -1.38245527e-03 -5.66776362e-04
345              -1.41889498e+01 9.63174963e-02 1.56263714e-01 -1.38305160e+01 9.76987415e-02 1.56977475e-01 -3.58433877e-01 -1.38124519e-03 -7.13761122e-04
350              -1.41895754e+01 1.03217610e-01 1.65075919e-01 -1.38311388e+01 1.04524708e-01 1.65894370e-01 -3.58436685e-01 -1.30709858e-03 -8.18450227e-04
355              -1.41896984e+01 1.06843910e-01 1.73157458e-01 -1.38312674e+01 1.08090208e-01 1.74033778e-01 -3.58431020e-01 -1.24629754e-03 -8.76319673e-04
